"service_id","monday","tuesday","wednesday","thursday","friday","saturday","sunday","start_date","end_date"
"CapeFlyer-Friday-2016",0,0,0,0,1,0,0,20160527,20160902
"CapeFlyer-Saturday-2016",0,0,0,0,0,1,0,20160528,20160903
"CapeFlyer-Sunday-2016",0,0,0,0,0,0,1,20160529,20160904
"Logan-Saturday",0,0,0,0,0,1,0,20160802,20161230
"Logan-Sunday",0,0,0,0,0,0,1,20160802,20161230
"Logan-Weekday",1,1,1,1,1,0,0,20160802,20161230
"CR-Weekday",1,1,1,1,1,0,0,20160921,20161230
"CR-Saturday",0,0,0,0,0,1,0,20160921,20161230
"CR-Sunday",0,0,0,0,0,0,1,20160921,20161230
"CR-Weekday-postWachusett",1,1,1,1,1,0,0,20160930,20161230
"CR-Weekday-preWachusett",1,1,1,1,1,0,0,20160921,20160929
"BUS32016-hba36011-Weekday-02",1,1,1,1,1,0,0,20160802,20160902
"BUS42016-hba46011-Weekday-02",1,1,1,1,1,0,0,20160906,20161223
"BUS42016-hba46ns1-Weekday-02",1,1,1,1,1,0,0,20161010,20161230
"BUS32016-hbb36011-Weekday-02",1,1,1,1,1,0,0,20160802,20160902
"BUS32016-hbb36016-Saturday-02",0,0,0,0,0,1,0,20160806,20160827
"BUS32016-hbb36017-Sunday-02",0,0,0,0,0,0,1,20160807,20160828
"BUS42016-hbb46016-Saturday-02",0,0,0,0,0,1,0,20160903,20161224
"BUS42016-hbb46017-Sunday-02",0,0,0,0,0,0,1,20160904,20161218
"BUS42016-hbb46hl7-Sunday-02",0,0,0,0,0,0,1,20160905,20161124
"BUS42016-hbb46011-Weekday-02",1,1,1,1,1,0,0,20160906,20161223
"BUS42016-hbb46ns1-Weekday-02",1,1,1,1,1,0,0,20161010,20161230
"BUS42016-hbb46xm7-Sunday-02",0,0,0,0,0,0,1,20161225,20161225
"BUS42016-hbb46ax7-Sunday-02",0,0,0,0,0,0,1,20161226,20161226
"BUS32016-htt36011-Weekday-02",1,1,1,1,1,0,0,20160802,20160902
"BUS32016-htt36016-Saturday-02",0,0,0,0,0,1,0,20160806,20160827
"BUS42016-htt46016-Saturday-02",0,0,0,0,0,1,0,20160903,20161224
"BUS42016-htt46011-Weekday-02",1,1,1,1,1,0,0,20160906,20161223
"BUS42016-htt46ns1-Weekday-02",1,1,1,1,1,0,0,20161010,20161230
"RTL32016-hmb36011-Weekday-01",1,1,1,1,1,0,0,20160802,20160902
"RTL32016-hmb36016-Saturday-01",0,0,0,0,0,1,0,20160806,20160827
"RTL32016-hmb36017-Sunday-01",0,0,0,0,0,0,1,20160807,20160828
"RTL42016-hmb46016-Saturday-01",0,0,0,0,0,1,0,20160903,20161224
"RTL42016-hmb46017-Sunday-01",0,0,0,0,0,0,1,20160904,20161218
"RTL42016-hmb46lb7-Sunday-01",0,0,0,0,0,0,1,20160905,20160905
"RTL42016-hmb46011-Weekday-01",1,1,1,1,1,0,0,20160906,20161230
"RTL42016-hmb46cl1-Weekday-01",1,1,1,1,1,0,0,20161010,20161010
"RTL42016-hmb46vt1-Weekday-01",1,1,1,1,1,0,0,20161111,20161111
"RTL42016-hmb46th7-Sunday-01",0,0,0,0,0,0,1,20161124,20161124
"RTL42016-hmb46xm7-Sunday-01",0,0,0,0,0,0,1,20161225,20161225
"RTL42016-hmb46ax7-Sunday-01",0,0,0,0,0,0,1,20161226,20161226
"BUS32016-hbc36011-Weekday-02",1,1,1,1,1,0,0,20160802,20160902
"BUS32016-hbc36016-Saturday-02",0,0,0,0,0,1,0,20160806,20160827
"BUS32016-hbc36017-Sunday-02",0,0,0,0,0,0,1,20160807,20160828
"BUS42016-hbc46016-Saturday-02",0,0,0,0,0,1,0,20160903,20161224
"BUS42016-hbc46017-Sunday-02",0,0,0,0,0,0,1,20160904,20161218
"BUS42016-hbc46hl7-Sunday-02",0,0,0,0,0,0,1,20160905,20161124
"BUS42016-hbc46011-Weekday-02",1,1,1,1,1,0,0,20160906,20161223
"BUS42016-hbc46ns1-Weekday-02",1,1,1,1,1,0,0,20161010,20161230
"BUS42016-hbc46xm7-Sunday-02",0,0,0,0,0,0,1,20161225,20161225
"BUS42016-hbc46ax7-Sunday-02",0,0,0,0,0,0,1,20161226,20161226
"BUS32016-hbg36011-Weekday-02",1,1,1,1,1,0,0,20160802,20160902
"BUS32016-hbg36016-Saturday-02",0,0,0,0,0,1,0,20160806,20160827
"BUS32016-hbg36017-Sunday-02",0,0,0,0,0,0,1,20160807,20160828
"BUS42016-hbg46016-Saturday-02",0,0,0,0,0,1,0,20160903,20161224
"BUS42016-hbg46017-Sunday-02",0,0,0,0,0,0,1,20160904,20161218
"BUS42016-hbg46hl7-Sunday-02",0,0,0,0,0,0,1,20160905,20161124
"BUS42016-hbg46011-Weekday-02",1,1,1,1,1,0,0,20160906,20161223
"BUS42016-hbg46ns1-Weekday-02",1,1,1,1,1,0,0,20161010,20161230
"BUS42016-hbg46xm7-Sunday-02",0,0,0,0,0,0,1,20161225,20161225
"BUS42016-hbg46ax7-Sunday-02",0,0,0,0,0,0,1,20161226,20161226
"BUS32016-hbf36011-Weekday-02",1,1,1,1,1,0,0,20160802,20160902
"BUS42016-hbf46011-Weekday-02",1,1,1,1,1,0,0,20160906,20161223
"BUS42016-hbf46ns1-Weekday-02",1,1,1,1,1,0,0,20161010,20161230
"PRIV32016-hpj36011-Weekday-01",1,1,1,1,1,0,0,20160802,20160902
"PRIV32016-hpj36016-Saturday-01",0,0,0,0,0,1,0,20160806,20160827
"PRIV32016-hpj36017-Sunday-01",0,0,0,0,0,0,1,20160807,20160828
"PRIV42016-hpj46016-Saturday-01",0,0,0,0,0,1,0,20160903,20161224
"PRIV42016-hpj46017-Sunday-01",0,0,0,0,0,0,1,20160904,20160905
"PRIV42016-hpj46011-Weekday-01",1,1,1,1,1,0,0,20160906,20161230
"LRV32016-hlb36011-Weekday-01",1,1,1,1,1,0,0,20160802,20160902
"LRV32016-hlb36016-Saturday-01",0,0,0,0,0,1,0,20160806,20160827
"LRV32016-hlb36017-Sunday-01",0,0,0,0,0,0,1,20160807,20160828
"LRV42016-hlb46016-Saturday-01",0,0,0,0,0,1,0,20160903,20161224
"LRV42016-hlb46017-Sunday-01",0,0,0,0,0,0,1,20160904,20161218
"LRV42016-hlb46lb7-Sunday-01",0,0,0,0,0,0,1,20160905,20160905
"LRV42016-hlb46011-Weekday-01",1,1,1,1,1,0,0,20160906,20161230
"LRV42016-hlb46cl1-Weekday-01",1,1,1,1,1,0,0,20161010,20161010
"LRV42016-hlb46vt1-Weekday-01",1,1,1,1,1,0,0,20161111,20161111
"LRV42016-hlb46th7-Sunday-01",0,0,0,0,0,0,1,20161124,20161124
"LRV42016-hlb46sh6-Saturday-01",0,0,0,0,0,1,0,20161125,20161125
"LRV42016-hlb46xm7-Sunday-01",0,0,0,0,0,0,1,20161225,20161225
"LRV42016-hlb46ax7-Sunday-01",0,0,0,0,0,0,1,20161226,20161226
"LRV32016-hlm36011-Weekday-01",1,1,1,1,1,0,0,20160802,20160902
"LRV32016-hlm36016-Saturday-01",0,0,0,0,0,1,0,20160806,20160827
"LRV32016-hlm36017-Sunday-01",0,0,0,0,0,0,1,20160807,20160828
"LRV42016-hlm46016-Saturday-01",0,0,0,0,0,1,0,20160903,20161224
"LRV42016-hlm46017-Sunday-01",0,0,0,0,0,0,1,20160904,20161218
"LRV42016-hlm46lb7-Sunday-01",0,0,0,0,0,0,1,20160905,20160905
"LRV42016-hlm46011-Weekday-01",1,1,1,1,1,0,0,20160906,20161230
"LRV42016-hlm46cl1-Weekday-01",1,1,1,1,1,0,0,20161010,20161010
"LRV42016-hlm46vt1-Weekday-01",1,1,1,1,1,0,0,20161111,20161111
"LRV42016-hlm46th7-Sunday-01",0,0,0,0,0,0,1,20161124,20161124
"LRV42016-hlm46sh6-Saturday-01",0,0,0,0,0,1,0,20161125,20161125
"LRV42016-hlm46xm7-Sunday-01",0,0,0,0,0,0,1,20161225,20161225
"LRV42016-hlm46ax7-Sunday-01",0,0,0,0,0,0,1,20161226,20161226
"BUS32016-hbl36011-Weekday-02",1,1,1,1,1,0,0,20160802,20160902
"BUS32016-hbl36016-Saturday-02",0,0,0,0,0,1,0,20160806,20160827
"BUS32016-hbl36017-Sunday-02",0,0,0,0,0,0,1,20160807,20160828
"BUS42016-hbl46016-Saturday-02",0,0,0,0,0,1,0,20160903,20161224
"BUS42016-hbl46017-Sunday-02",0,0,0,0,0,0,1,20160904,20161218
"BUS42016-hbl46hl7-Sunday-02",0,0,0,0,0,0,1,20160905,20161124
"BUS42016-hbl46011-Weekday-02",1,1,1,1,1,0,0,20160906,20161223
"BUS42016-hbl46ns1-Weekday-02",1,1,1,1,1,0,0,20161010,20161230
"BUS42016-hbl46xm7-Sunday-02",0,0,0,0,0,0,1,20161225,20161225
"BUS42016-hbl46ax7-Sunday-02",0,0,0,0,0,0,1,20161226,20161226
"RTL32016-hmo36011-Weekday-01",1,1,1,1,1,0,0,20160802,20160902
"RTL32016-hmo36016-Saturday-01",0,0,0,0,0,1,0,20160806,20160827
"RTL32016-hmo36017-Sunday-01",0,0,0,0,0,0,1,20160807,20160828
"RTL42016-hmo46016-Saturday-01",0,0,0,0,0,1,0,20160903,20161224
"RTL42016-hmo46017-Sunday-01",0,0,0,0,0,0,1,20160904,20161218
"RTL42016-hmo46lb7-Sunday-01",0,0,0,0,0,0,1,20160905,20160905
"RTL42016-hmo46011-Weekday-01",1,1,1,1,1,0,0,20160906,20161230
"RTL42016-hmo46cl1-Weekday-01",1,1,1,1,1,0,0,20161010,20161010
"RTL42016-hmo46vt1-Weekday-01",1,1,1,1,1,0,0,20161111,20161111
"RTL42016-hmo46th7-Sunday-01",0,0,0,0,0,0,1,20161124,20161124
"RTL42016-hmo46xm7-Sunday-01",0,0,0,0,0,0,1,20161225,20161225
"RTL42016-hmo46ax7-Sunday-01",0,0,0,0,0,0,1,20161226,20161226
"PRIV32016-hpp36011-Weekday-01",1,1,1,1,1,0,0,20160802,20160902
"PRIV32016-hpp36016-Saturday-01",0,0,0,0,0,1,0,20160806,20160827
"PRIV32016-hpp36017-Sunday-01",0,0,0,0,0,0,1,20160807,20160828
"PRIV42016-hpp46016-Saturday-01",0,0,0,0,0,1,0,20160903,20161224
"PRIV42016-hpp46017-Sunday-01",0,0,0,0,0,0,1,20160904,20161226
"PRIV42016-hpp46011-Weekday-01",1,1,1,1,1,0,0,20160906,20161230
"BUS32016-hbq36011-Weekday-02",1,1,1,1,1,0,0,20160802,20160902
"BUS32016-hbq36016-Saturday-02",0,0,0,0,0,1,0,20160806,20160827
"BUS32016-hbq36017-Sunday-02",0,0,0,0,0,0,1,20160807,20160828
"BUS42016-hbq46016-Saturday-02",0,0,0,0,0,1,0,20160903,20161224
"BUS42016-hbq46017-Sunday-02",0,0,0,0,0,0,1,20160904,20161218
"BUS42016-hbq46hl7-Sunday-02",0,0,0,0,0,0,1,20160905,20161124
"BUS42016-hbq46011-Weekday-02",1,1,1,1,1,0,0,20160906,20161223
"BUS42016-hbq46ns1-Weekday-02",1,1,1,1,1,0,0,20161010,20161230
"BUS42016-hbq46xm7-Sunday-02",0,0,0,0,0,0,1,20161225,20161225
"BUS42016-hbq46ax7-Sunday-02",0,0,0,0,0,0,1,20161226,20161226
"RTL32016-hms36011-Weekday-01",1,1,1,1,1,0,0,20160802,20160902
"RTL32016-hms36016-Saturday-01",0,0,0,0,0,1,0,20160806,20160827
"RTL32016-hms36017-Sunday-01",0,0,0,0,0,0,1,20160807,20160828
"RTL42016-hms46016-Saturday-01",0,0,0,0,0,1,0,20160903,20161224
"RTL42016-hms46017-Sunday-01",0,0,0,0,0,0,1,20160904,20161218
"RTL42016-hms46lb7-Sunday-01",0,0,0,0,0,0,1,20160905,20160905
"RTL42016-hms46011-Weekday-01",1,1,1,1,1,0,0,20160906,20161230
"RTL42016-hms46cl1-Weekday-01",1,1,1,1,1,0,0,20161010,20161010
"RTL42016-hms46vt1-Weekday-01",1,1,1,1,1,0,0,20161111,20161111
"RTL42016-hms46th7-Sunday-01",0,0,0,0,0,0,1,20161124,20161124
"RTL42016-hms46xm7-Sunday-01",0,0,0,0,0,0,1,20161225,20161225
"RTL42016-hms46ax7-Sunday-01",0,0,0,0,0,0,1,20161226,20161226
"BUS32016-hbs36011-Weekday-02",1,1,1,1,1,0,0,20160802,20160902
"BUS32016-hbs36016-Saturday-02",0,0,0,0,0,1,0,20160806,20160827
"BUS32016-hbs36017-Sunday-02",0,0,0,0,0,0,1,20160807,20160828
"BUS42016-hbs46sw6-Saturday-02",0,0,0,0,0,1,0,20160903,20161224
"BUS42016-hbs46sw7-Sunday-02",0,0,0,0,0,0,1,20160904,20161218
"BUS42016-hbs46hl7-Sunday-02",0,0,0,0,0,0,1,20160905,20161124
"BUS42016-hbs46sw1-Weekday-02",1,1,1,1,1,0,0,20160906,20161223
"BUS42016-hbs46sn1-Weekday-02",1,1,1,1,1,0,0,20161010,20161230
"BUS42016-hbs46sp6-Saturday-02",0,0,0,0,0,1,0,20161119,20161119
"BUS42016-hbs46sp7-Sunday-02",0,0,0,0,0,0,1,20161120,20161120
"BUS42016-hbs46sp1-Weekday-02",1,1,1,1,1,0,0,20161121,20161123
"BUS42016-hbs46xm7-Sunday-02",0,0,0,0,0,0,1,20161225,20161225
"BUS42016-hbs46ax7-Sunday-02",0,0,0,0,0,0,1,20161226,20161226
"BUS32016-hbt36011-Weekday-02",1,1,1,1,1,0,0,20160802,20160902
"BUS32016-hbt36016-Saturday-02",0,0,0,0,0,1,0,20160806,20160827
"BUS32016-hbt36017-Sunday-02",0,0,0,0,0,0,1,20160807,20160828
"BUS42016-hbt46016-Saturday-02",0,0,0,0,0,1,0,20160903,20161224
"BUS42016-hbt46017-Sunday-02",0,0,0,0,0,0,1,20160904,20161218
"BUS42016-hbt46hl7-Sunday-02",0,0,0,0,0,0,1,20160905,20161124
"BUS42016-hbt46011-Weekday-02",1,1,1,1,1,0,0,20160906,20161223
"BUS42016-hbt46ns1-Weekday-02",1,1,1,1,1,0,0,20161010,20161230
"BUS42016-hbt46xm7-Sunday-02",0,0,0,0,0,0,1,20161225,20161225
"BUS42016-hbt46ax7-Sunday-02",0,0,0,0,0,0,1,20161226,20161226
"Boat-F1-Friday",0,0,0,0,1,0,0,20160319,20161230
"Boat-F1-Saturday",0,0,0,0,0,1,0,20160319,20161230
"Boat-F1-Weekday",1,1,1,1,1,0,0,20161011,20161230
"Boat-F1-WeekdaySummer",1,1,1,1,1,0,0,20150908,20151012
"Boat-F1-WeekdaySummerGrape",1,1,1,1,1,0,0,20160530,20161010
"Boat-F1-Weekend",0,0,0,0,0,1,1,20161011,20161230
"Boat-F1-WeekendGrape",0,0,0,0,0,1,1,20160530,20161010
"Boat-F3-Weekday",1,1,1,1,1,0,0,20160319,20161230
"Boat-F4-Saturday",0,0,0,0,0,1,0,20160319,20161230
"Boat-F4-Sunday",0,0,0,0,0,0,1,20160319,20161230
"Boat-F4-Weekday",1,1,1,1,1,0,0,20160319,20161230
